Maria: 28.577960676726104
Ana: 28.344671201814062
Sofia: 25.71166207529844
Laura: 28.124999999999993
Andrea: 28.71047932495361
Fernanda: 29.357521924046825
Valeria: 29.3946871824648
Lucia: 27.01685988851271
Gabriela: 28.628792385484836
Paola: 29.761904761904766
Carmen: 29.402273297715947
Diana: 29.411764705882355
Rocio: 30.120481927710845
Isabel: 28.71047932495361
Carolina: 29.761904761904766
Marta: 29.357521924046825
