Juan: 27.13141179099237
Maria: 28.577960676726104
Luis: 27.777777777777775
Ana: 28.344671201814062
Pedro: 29.411764705882355
Sofia: 25.71166207529844
Diego: 27.77427092538821
Laura: 28.124999999999993
Carlos: 29.069767441860467
Andrea: 28.71047932495361
Javier: 28.731921487603305
Fernanda: 29.357521924046825
Miguel: 27.77442337881898
Valeria: 29.3946871824648
Daniel: 28.735632183908045
Lucia: 27.01685988851271
Alejandro: 28.40111107643332
Gabriela: 28.628792385484836
Martin: 26.493025631204315
Paola: 29.761904761904766
Roberto: 28.73469387755102
Carmen: 29.402273297715947
Eduardo: 28.40550435551067
Diana: 29.411764705882355
Francisco: 28.387411861664784
Rocio: 30.120481927710845
Alberto: 29.069767441860467
Isabel: 28.71047932495361
Julio: 28.73469387755102
Carolina: 29.761904761904766
Victor: 28.731921487603305
Marta: 29.357521924046825
